0 0.5692488262910799 0.5854166666666667 0.16901408450704225 0.3
1 0.5064553990610329 0.19270833333333334 0.08098591549295775 0.3520833333333333
1 0.6302816901408451 0.2625 0.06338028169014084 0.37083333333333335
1 0.5886150234741784 0.21875 0.05516431924882629 0.3208333333333333
1 0.6848591549295775 0.3302083333333333 0.06455399061032864 0.3145833333333333
1 0.7464788732394366 0.3875 0.07042253521126761 0.3208333333333333
1 0.721830985915493 0.7177083333333333 0.13615023474178403 0.3520833333333333
1 0.852699530516432 0.253125 0.05516431924882629 0.24375
1 0.9096244131455399 0.3729166666666667 0.07511737089201878 0.2708333333333333
1 0.6942488262910799 0.08541666666666667 0.06455399061032864 0.16666666666666666
1 0.897887323943662 0.85 0.107981220657277 0.275
