1 0.482981220657277 0.7666666666666666 0.11854460093896714 0.44166666666666665
1 0.0698356807511737 0.29270833333333335 0.1068075117370892 0.5020833333333333
1 0.7200704225352113 0.378125 0.08568075117370892 0.3729166666666667
1 0.8145539906103286 0.6822916666666666 0.08685446009389672 0.38958333333333334
1 0.6238262910798122 0.21041666666666667 0.06924882629107981 0.3125
1 0.6895539906103286 0.20104166666666667 0.0528169014084507 0.30625
1 0.5563380281690141 0.12916666666666665 0.06572769953051644 0.25416666666666665
1 0.49178403755868544 0.09375 0.06103286384976526 0.18333333333333332
1 0.8990610328638498 0.8635416666666667 0.09154929577464789 0.26875
0 0.5674882629107981 0.59375 0.15375586854460094 0.26666666666666666
