1 0.482981220657277 0.6020833333333333 0.06924882629107981 0.375
1 0.20892018779342725 0.4302083333333333 0.11502347417840376 0.56875
1 0.7059859154929577 0.35520833333333335 0.04107981220657277 0.33541666666666664
1 0.8990610328638498 0.38645833333333335 0.056338028169014086 0.22708333333333333
1 0.9618544600938967 0.24583333333333332 0.036384976525821594 0.19166666666666665
1 0.6343896713615024 0.3489583333333333 0.06455399061032864 0.3229166666666667
1 0.5528169014084507 0.3177083333333333 0.046948356807511735 0.38125
1 0.5545774647887324 0.06979166666666667 0.05985915492957747 0.12291666666666666
1 0.6144366197183099 0.23124999999999998 0.045774647887323945 0.2375
1 0.6936619718309859 0.17395833333333333 0.03755868544600939 0.17708333333333334
1 0.6332159624413146 0.06770833333333333 0.04812206572769953 0.11875
