0 0.3942857142857143 0.8542857142857143 0.36 0.28
1 0.68 0.6585714285714286 0.29714285714285715 0.3628571428571429
1 0.19714285714285715 0.5942857142857143 0.38857142857142857 0.26285714285714284
1 0.9228571428571428 0.3342857142857143 0.10857142857142857 0.41714285714285715
1 0.8242857142857143 0.34285714285714286 0.10571428571428572 0.4514285714285714
1 0.7228571428571429 0.2342857142857143 0.11428571428571428 0.26857142857142857
1 0.6342857142857142 0.31285714285714283 0.22857142857142856 0.4142857142857143
1 0.5014285714285714 0.34714285714285714 0.11142857142857143 0.40285714285714286
1 0.38285714285714284 0.28 0.17142857142857143 0.3942857142857143
1 0.17285714285714285 0.3 0.1742857142857143 0.4228571428571429
1 0.03857142857142857 0.3157142857142857 0.07142857142857142 0.58
