0 0.3066666666666667 0.6925 0.6066666666666667 0.47500000000000003
1 0.625 0.38375000000000004 0.20333333333333334 0.1625
1 0.7983333333333333 0.50625 0.2833333333333333 0.28750000000000003
1 0.6433333333333334 0.17375000000000002 0.11333333333333334 0.2125
1 0.78 0.16625 0.09333333333333334 0.2225
1 0.52 0.14625 0.1 0.2475
1 0.4066666666666667 0.13625 0.1 0.2275
1 0.27166666666666667 0.15375 0.11666666666666667 0.2325
1 0.16833333333333333 0.14250000000000002 0.10333333333333335 0.25
1 0.060000000000000005 0.14250000000000002 0.11333333333333334 0.24
